bis = [
  0.1, 0.101, 0.0078e-6;
  0.2, 0.201, 0.017e-6;
  0.3, 0.300, 0.025e-6;
  0.4, 0.401, 0.034e-6;
  0.5, 0.500, 0.045e-6;
  0.6, 0.600, 0.053e-6;
  0.7, 0.700, 0.062e-6;
  0.8, 0.800, 0.071e-6;
  0.9, 0.900, 0.080e-6;
  1.0, 1.000, 0.087e-6;
  1.1, 1.099, 0.099e-6;
  1.2, 1.198, 0.112e-6;
  1.3, 1.298, 0.153e-6;
  1.4, 1.396, 0.370e-6;
  1.5, 1.485, 1.438e-6;
  1.6, 1.552, 4.713e-6;
  1.7, 1.594, 10.40e-6;
  1.8, 1.701, 94.85e-6;
  1.9, 1.793, 0.821e-3;
  2.0, 1.930, 5.531e-3;
  2.1, 1.989, 8.713e-3;
  2.2, 2.169, 21.03e-3;
  2.3, 2.257, 28.89e-3;
  2.4, 2.342, 38.87e-3;
  2.5, 2.427, 48.75e-3;
  2.6, 2.513, 59.02e-3;
  2.7, 2.590, 71.12e-3;
  -0.1, -0.101, -0.010e-6,
  -0.2, -0.201, -0.019e-6, 
  -0.3, -0.298, -0.028e-6,
  -0.4, -0.400, -0.037e-6,
  -0.5, -0.500, -0.046e-6,
  -0.6, -0.600, -0.055e-6;
  -0.7, -0.699, -0.064e-6;
  -0.8, -0.800, -0.073e-6;
  -0.9, -0.899, -0.082e-6;
  -1.0, -0.999, -0.091e-6;
  -1.5, -1.498, -0.136e-6;
  -2.0, -1.997, -0.181e-6;
  -2.5, -2.497, -0.226e-6;
  -3.0, -2.997, -0.271e-6;
  -3.5, -3.496, -0.316e-6;
  -4.0, -3.995, -0.360e-6;
  -4.5, -4.48, -0.445e-6;
  -5.0, -4.99, -0.495e-6;
  -6.0, -5.99, -0.593e-6;
  -7.0, -6.99, -0.692e-6;
  -8.0, -7.98, -0.791e-6;
  -9.0, -8.98, -0.890e-6;
  -10.0, -9.97, 0.988e-6;
  -15.0, -14.97, -1.482e-6;
  -20.0, -19.97, -1.976e-6;
  -25.0, -24.97, -2.470e-6;
  -30.0, -29.96, -2.980e-6;
];

vce0 = [
  0.0, 0.001, 0.0e-6;
  0.1, 0.101, 0.009e-6;
  0.2, 0.201, 0.018e-6;
  0.3, 0.300, 0.027e-6;
  0.4, 0.401, 0.037e-6;
  0.5, 0.500, 0.108e-6;
  0.6, 0.584, 1.59e-6;
  0.7, 0.627, 7.25e-6;
  0.8, 0.708, 88.9e-6;
  0.9, 0.793, 0.818e-3;
  1.0, 0.902, 7.00e-3;
  1.1, 0.975, 9.9e-3
  1.2, 1.162, 24.8e-3;
  1.3, 1.245, 35.4e-3;
  1.4, 1.327, 47.5e-3;
  1.5, 1.405, 61.5e-3;
  1.6, 1.480, 77.3e-3;
  1.7, 1.552, 95.3e-3;
  1.8, 1.624, 113.8e-3;
  1.9, 1.798, 0.165;
  2.0, 1.881, 0.193;
  2.1, 1.963, 0.222;
  2.2, 2.045, 0.252;
  2.3, 2.126, 0.283;
  2.4, 2.206, 0.314;
  2.5, 2.287, 0.344;
  2.6, 2.368, 0.374;
  2.7, 2.449, 0.402;
  -0.1, -0.001, -9.88e-6;
  -0.2, -0.123, 0.600e-3;
-0.3, -0.184, -0.896e-3;
-0.4, -0.377, -1.82e-3;
-0.5, -0.472, -2.29e-3;
-0.6, -0.566, -2.74e-3;
-1.0, -0.943, -4.51e-3;
-1.5, -1.413, -6.72e-3;
-2.0, -1.887, -8.87e-3;
-3.0, -2.979, -13.6e-3;
-4.0, -3.972, -17.7e-3;
-5.0, -4.97, -21.3e-3;
-10.0, -9.86, -81.3e-3;

];
vce0_5 = [
  0.0, 0.002, 0e-6;
  0.1, 0.101, 0.009e-6;
  0.2, 0.201, 0.018e-6;
  0.3, 0.300, 0.027e-6;
  0.4, 0.401, 0.037e-6;
  0.5, 0.500, 0.104e-6;
  0.6, 0.585, 1.54e-6;
  0.7, 0.628, 7.15e-6;
  0.8, 0.709, 88.1e-6;
  0.9, 0.794, 0.812e-3;
  1.0, 0.903, 7.96e-3;
  1.1, 1.045, 35.9e-3;
  1.2, 1.113, 56.9e-3;
  1.3, 1.176, 80.9e-3;
  1.4, 1.235, 108.4e-3;
  1.5, 1.386, 0.188;
  1.6, 1.458, 0.236;
  1.7, 1.529, 0.283;
  1.8, 1.599, 0.333;
  1.9, 1.668, 0.384;
  2.0, 1.736, 0.436;
  2.1, 1.806, 0.485;
  2.2, 1.876, 0.533;
  2.3, 1.948, 0.577;
  2.4, 2.024, 0.615;
  2.5, 2.104, 0.645;
  2.6, 2.185, 0.681;
  2.7, 2.258, 0.725;
  2.8, 2.331, 0.766;
  2.9, 2.413, 0.788;
-0.1, -0.016, -82.0e-6;
-0.2, -0.123, -0.603e-3;
-0.3, -0.185, -0.895e-3;
-0.4, -0.376, -1.829e-3;
-0.5, -0.472, -2.282e-3;
-1.0, -0.943, -4.53e-3;
-1.5, -1.415, -6.72e-3;
-2.0, -1.887, -8.88e-3;
-3.0, -2.980, -12.69e-3;
-4.0, -3.973, -17.6e-3;
-5.0, -4.98, -21.53e-3;
-8.0, -7.92, 47.3e-3;
-10.0, -9.87, -79e-3;
];