# Created by Octave 5.2.0, Tue Oct 20 16:09:44 2020 CST <pannenetsf@manjaro>
# name: bis
# type: matrix
# rows: 54
# columns: 3
 0.10000000000000001 0.10100000000000001 7.8000000000000004e-09
 0.20000000000000001 0.20100000000000001 1.7e-08
 0.29999999999999999 0.29999999999999999 2.4999999999999999e-08
 0.40000000000000002 0.40100000000000002 3.4e-08
 0.5 0.5 4.4999999999999999e-08
 0.59999999999999998 0.59999999999999998 5.2999999999999998e-08
 0.69999999999999996 0.69999999999999996 6.1999999999999999e-08
 0.80000000000000004 0.80000000000000004 7.1e-08
 0.90000000000000002 0.90000000000000002 8.0000000000000002e-08
 1 1 8.6999999999999998e-08
 1.1000000000000001 1.099 9.9e-08
 1.2 1.198 1.12e-07
 1.3 1.298 1.5300000000000001e-07
 1.3999999999999999 1.3959999999999999 3.7e-07
 1.5 1.4850000000000001 1.438e-06
 1.6000000000000001 1.552 4.7129999999999996e-06
 1.7 1.5940000000000001 1.04e-05
 1.8 1.7010000000000001 9.4850000000000002e-05
 1.8999999999999999 1.7929999999999999 0.00082100000000000001
 2 1.9299999999999999 0.0055310000000000003
 2.1000000000000001 1.9890000000000001 0.0087130000000000003
 2.2000000000000002 2.169 0.02103
 2.2999999999999998 2.2570000000000001 0.028889999999999999
 2.3999999999999999 2.3420000000000001 0.038870000000000002
 2.5 2.427 0.048750000000000002
 2.6000000000000001 2.5129999999999999 0.059020000000000003
 2.7000000000000002 2.5899999999999999 0.071120000000000003
 -0.10000000000000001 -0.10100000000000001 -1e-08
 -0.20000000000000001 -0.20100000000000001 -1.9000000000000001e-08
 -0.29999999999999999 -0.29799999999999999 -2.7999999999999999e-08
 -0.40000000000000002 -0.40000000000000002 -3.7e-08
 -0.5 -0.5 -4.6000000000000002e-08
 -0.59999999999999998 -0.59999999999999998 -5.5000000000000003e-08
 -0.69999999999999996 -0.69899999999999995 -6.4000000000000004e-08
 -0.80000000000000004 -0.80000000000000004 -7.3000000000000005e-08
 -0.90000000000000002 -0.89900000000000002 -8.2000000000000006e-08
 -1 -0.999 -9.0999999999999994e-08
 -1.5 -1.498 -1.36e-07
 -2 -1.9970000000000001 -1.8099999999999999e-07
 -2.5 -2.4969999999999999 -2.2600000000000001e-07
 -3 -2.9969999999999999 -2.7099999999999998e-07
 -3.5 -3.496 -3.1600000000000002e-07
 -4 -3.9950000000000001 -3.5999999999999999e-07
 -4.5 -4.4800000000000004 -4.4499999999999997e-07
 -5 -4.9900000000000002 -4.9500000000000003e-07
 -6 -5.9900000000000002 -5.9299999999999998e-07
 -7 -6.9900000000000002 -6.92e-07
 -8 -7.9800000000000004 -7.9100000000000003e-07
 -9 -8.9800000000000004 -8.8999999999999995e-07
 -10 -9.9700000000000006 9.879999999999999e-07
 -15 -14.970000000000001 -1.482e-06
 -20 -19.969999999999999 -1.9759999999999998e-06
 -25 -24.969999999999999 -2.4700000000000001e-06
 -30 -29.960000000000001 -2.9799999999999998e-06


# name: vce0
# type: matrix
# rows: 41
# columns: 3
 0 0.001 0
 0.10000000000000001 0.10100000000000001 8.9999999999999995e-09
 0.20000000000000001 0.20100000000000001 1.7999999999999999e-08
 0.29999999999999999 0.29999999999999999 2.7e-08
 0.40000000000000002 0.40100000000000002 3.7e-08
 0.5 0.5 1.08e-07
 0.59999999999999998 0.58399999999999996 1.59e-06
 0.69999999999999996 0.627 7.25e-06
 0.80000000000000004 0.70799999999999996 8.8900000000000006e-05
 0.90000000000000002 0.79300000000000004 0.00081800000000000004
 1 0.90200000000000002 0.0070000000000000001
 1.1000000000000001 0.97499999999999998 0.0099000000000000008
 1.2 1.1619999999999999 0.024799999999999999
 1.3 1.2450000000000001 0.035400000000000001
 1.3999999999999999 1.327 0.047500000000000001
 1.5 1.405 0.061499999999999999
 1.6000000000000001 1.48 0.077299999999999994
 1.7 1.552 0.095299999999999996
 1.8 1.6240000000000001 0.1138
 1.8999999999999999 1.798 0.16500000000000001
 2 1.881 0.193
 2.1000000000000001 1.9630000000000001 0.222
 2.2000000000000002 2.0449999999999999 0.252
 2.2999999999999998 2.1259999999999999 0.28299999999999997
 2.3999999999999999 2.206 0.314
 2.5 2.2869999999999999 0.34399999999999997
 2.6000000000000001 2.3679999999999999 0.374
 2.7000000000000002 2.4489999999999998 0.40200000000000002
 -0.10000000000000001 -0.001 -9.8800000000000003e-06
 -0.20000000000000001 -0.123 0.00059999999999999995
 -0.29999999999999999 -0.184 -0.00089599999999999999
 -0.40000000000000002 -0.377 -0.00182
 -0.5 -0.47199999999999998 -0.0022899999999999999
 -0.59999999999999998 -0.56599999999999995 -0.0027399999999999998
 -1 -0.94299999999999995 -0.0045100000000000001
 -1.5 -1.413 -0.0067200000000000003
 -2 -1.887 -0.0088699999999999994
 -3 -2.9790000000000001 -0.013599999999999999
 -4 -3.972 -0.0177
 -5 -4.9699999999999998 -0.021299999999999999
 -10 -9.8599999999999994 -0.081299999999999997


# name: vce0_5
# type: matrix
# rows: 43
# columns: 3
 0 0.002 0
 0.10000000000000001 0.10100000000000001 8.9999999999999995e-09
 0.20000000000000001 0.20100000000000001 1.7999999999999999e-08
 0.29999999999999999 0.29999999999999999 2.7e-08
 0.40000000000000002 0.40100000000000002 3.7e-08
 0.5 0.5 1.04e-07
 0.59999999999999998 0.58499999999999996 1.5400000000000001e-06
 0.69999999999999996 0.628 7.1500000000000002e-06
 0.80000000000000004 0.70899999999999996 8.81e-05
 0.90000000000000002 0.79400000000000004 0.000812
 1 0.90300000000000002 0.0079600000000000001
 1.1000000000000001 1.0449999999999999 0.035900000000000001
 1.2 1.113 0.056899999999999999
 1.3 1.1759999999999999 0.0809
 1.3999999999999999 1.2350000000000001 0.1084
 1.5 1.3859999999999999 0.188
 1.6000000000000001 1.458 0.23599999999999999
 1.7 1.5289999999999999 0.28299999999999997
 1.8 1.599 0.33300000000000002
 1.8999999999999999 1.6679999999999999 0.38400000000000001
 2 1.736 0.436
 2.1000000000000001 1.806 0.48499999999999999
 2.2000000000000002 1.8759999999999999 0.53300000000000003
 2.2999999999999998 1.948 0.57699999999999996
 2.3999999999999999 2.024 0.61499999999999999
 2.5 2.1040000000000001 0.64500000000000002
 2.6000000000000001 2.1850000000000001 0.68100000000000005
 2.7000000000000002 2.258 0.72499999999999998
 2.7999999999999998 2.331 0.76600000000000001
 2.8999999999999999 2.4129999999999998 0.78800000000000003
 -0.10000000000000001 -0.016 -8.2000000000000001e-05
 -0.20000000000000001 -0.123 -0.00060300000000000002
 -0.29999999999999999 -0.185 -0.00089499999999999996
 -0.40000000000000002 -0.376 -0.0018289999999999999
 -0.5 -0.47199999999999998 -0.0022820000000000002
 -1 -0.94299999999999995 -0.0045300000000000002
 -1.5 -1.415 -0.0067200000000000003
 -2 -1.887 -0.0088800000000000007
 -3 -2.98 -0.01269
 -4 -3.9729999999999999 -0.017600000000000001
 -5 -4.9800000000000004 -0.021530000000000001
 -8 -7.9199999999999999 0.047300000000000002
 -10 -9.8699999999999992 -0.079000000000000001


